# name                     Mass  Gamma    deg   Spin Isospin     I3     Nq     Ns    Naq    Nas     Nc    Nac         MC 
#b                         4.8   0.00      5      2      0      0      0      0      0      0      1      0          5
#bbar                      4.8   0.00      5      2      0      0      0      0      0      0      0      1         -5
B0                    5.27958   0.00      1      0    0.5    0.5      0      0      1      0      1      0        511
Bbar0                 5.27958   0.00      1      0    0.5   -0.5      1      0      0      0      0      1       -511
B*0                    5.3252   0.00      3      1    0.5    0.5      0      0      1      0      1      0        513
B*bar0                 5.3252   0.00      3      1    0.5   -0.5      1      0      0      0      0      1       -513
B*_20                   5.743   0.00      5      2    0.5    0.5      0      0      1      0      1      0        515
B*_2bar0                5.743   0.00      5      2    0.5   -0.5      1      0      0      0      0      1       -515
B+                    5.27925   0.00      1      0    0.5   -0.5      0      0      1      0      1      0        521
B-                    5.27925   0.00      1      0    0.5    0.5      1      0      0      0      0      1       -521
B*+                    5.3252   0.00      3      1    0.5   -0.5      0      0      1      0      1      0        523
B*-                    5.3252   0.00      3      1    0.5    0.5      1      0      0      0      0      1       -523
B*_2+                   5.743   0.00      5      2    0.5   -0.5      0      0      1      0      1      0        525
B*_2-                   5.743   0.00      5      2    0.5    0.5      1      0      0      0      0      1       -525
B_s0                  5.36677   0.00      1      0      0      0      0      0      0      1      1      0        531
B_sbar0               5.36677   0.00      1      0      0      0      0      1      0      0      0      1       -531
B*_s0                  5.4154   0.00      3      1      0      0      0      0      0      1      1      0        533
B*_sbar0               5.4154   0.00      3      1      0      0      0      1      0      0      0      1       -533
B*_2s0                 5.8397   0.00      5      2      0      0      0      0      0      1      1      0        535
B*_2sbar0              5.8397   0.00      5      2      0      0      0      1      0      0      0      1       -535
#B_c+                    6.277   0.00      1      0      0      0      0      0      0      0      1      0        541
#B_c-                    6.277   0.00      1      0      0      0      0      0      0      0      0      1       -541
#B*_c+                    6.34   0.00      3      1      0      0      0      0      0      0      1      0        543
#B*_c-                    6.34   0.00      3      1      0      0      0      0      0      0      0      1       -543
#B*_2c+                   7.35   0.00      5      2      0      0      0      0      0      0      1      0        545
#B*_2c-                   7.35   0.00      5      2      0      0      0      0      0      0      0      1       -545
eta_b                     9.4   0.00      1      0      0      0      0      0      0      0      1      1        551
Upsilon                9.4603   0.00      3      1      0      0      0      0      0      0      1      1        553
chi_2b                 9.9122   0.00      5      2      0      0      0      0      0      0      1      1        555
#bd_0                  5.38897   0.00      1      0    0.5   -0.5      1      0      0      0      1      0       5101
#bd_0bar               5.38897   0.00      1      0    0.5    0.5      0      0      1      0      0      1      -5101
#bd_1                  5.40145   0.00      3      1    0.5   -0.5      1      0      0      0      1      0       5103
#bd_1bar               5.40145   0.00      3      1    0.5    0.5      0      0      1      0      0      1      -5103
Sigma_b-               5.8155   0.00      2    0.5      1     -1      2      0      0      0      1      0       5112
Sigma_bbar+            5.8155   0.00      2    0.5      1      1      0      0      2      0      0      1      -5112
Sigma*_b-              5.8351   0.00      4    1.5      1     -1      2      0      0      0      1      0       5114
Sigma*_bbar+           5.8351   0.00      4    1.5      1      1      0      0      2      0      0      1      -5114
Lambda_b0              5.6194   0.00      2    0.5      0      0      2      0      0      0      1      0       5122
Lambda_bbar0           5.6194   0.00      2    0.5      0      0      0      0      2      0      0      1      -5122
Xi_b-                  5.7911   0.00      2    0.5    0.5   -0.5      1      1      0      0      1      0       5132
Xi_bbar+               5.7911   0.00      2    0.5    0.5    0.5      0      0      1      1      0      1      -5132
#Xi_bc0                7.00575   0.00      2    0.5    0.5   -0.5      1      0      0      0      1      0       5142
#Xi_bcbar0             7.00575   0.00      2    0.5    0.5    0.5      0      0      1      0      0      1      -5142
#bu_0                  5.38897   0.00      1      0    0.5    0.5      1      0      0      0      1      0       5201
#bu_0bar               5.38897   0.00      1      0    0.5   -0.5      0      0      1      0      0      1      -5201
#bu_1                  5.40145   0.00      3      1    0.5    0.5      1      0      0      0      1      0       5203
#bu_1bar               5.40145   0.00      3      1    0.5   -0.5      0      0      1      0      0      1      -5203
Sigma_b0                  5.8   0.00      2    0.5      0      0      2      0      0      0      1      0       5212
Sigma_bbar0               5.8   0.00      2    0.5      0      0      0      0      2      0      0      1      -5212
Sigma*_b0                5.81   0.00      4    1.5      0      0      2      0      0      0      1      0       5214
Sigma*_bbar0             5.81   0.00      4    1.5      0      0      0      0      2      0      0      1      -5214
Sigma_b+               5.8113   0.00      2    0.5      1      1      2      0      0      0      1      0       5222
Sigma_bbar-            5.8113   0.00      2    0.5      1     -1      0      0      2      0      0      1      -5222
Sigma*_b+              5.8321   0.00      4    1.5      1      1      2      0      0      0      1      0       5224
Sigma*_bbar-           5.8321   0.00      4    1.5      1     -1      0      0      2      0      0      1      -5224
Xi_b0                   5.788   0.00      2    0.5    0.5    0.5      1      1      0      0      1      0       5232
Xi_bbar0                5.788   0.00      2    0.5    0.5   -0.5      0      0      1      1      0      1      -5232
#Xi_bc+                7.00575   0.00      2    0.5    0.5    0.5      1      0      0      0      1      0       5242
#Xi_bcbar-             7.00575   0.00      2    0.5    0.5   -0.5      0      0      1      0      0      1      -5242
#bs_0                  5.56725   0.00      1      0      0      0      0      1      0      0      1      0       5301
#bs_0bar               5.56725   0.00      1      0      0      0      0      0      0      1      0      1      -5301
#bs_1                  5.57536   0.00      3      1      0      0      0      1      0      0      1      0       5303
#bs_1bar               5.57536   0.00      3      1      0      0      0      0      0      1      0      1      -5303
Xi'_b-                   5.96   0.00      2    0.5    0.5   -0.5      1      1      0      0      1      0       5312
Xi'_bbar+                5.96   0.00      2    0.5    0.5    0.5      0      0      1      1      0      1      -5312
Xi*_b-                   5.97   0.00      4    1.5    0.5   -0.5      1      1      0      0      1      0       5314
Xi*_bbar+                5.97   0.00      4    1.5    0.5    0.5      0      0      1      1      0      1      -5314
Xi'_b0                   5.96   0.00      2    0.5    0.5    0.5      1      1      0      0      1      0       5322
Xi'_bbar0                5.96   0.00      2    0.5    0.5   -0.5      0      0      1      1      0      1      -5322
Xi*_b0                   5.97   0.00      4    1.5    0.5    0.5      1      1      0      0      1      0       5324
Xi*_bbar0                5.97   0.00      4    1.5    0.5   -0.5      0      0      1      1      0      1      -5324
Omega_b-                 6.07   0.00      2    0.5      0      0      0      2      0      0      1      0       5332
Omega_bbar+              6.07   0.00      2    0.5      0      0      0      0      0      2      0      1      -5332
Omega*_b-                6.13   0.00      4    1.5      0      0      0      2      0      0      1      0       5334
Omega*_bbar+             6.13   0.00      4    1.5      0      0      0      0      0      2      0      1      -5334
Omega_bc0             7.19099   0.00      2    0.5      0      0      0      1      0      0      1      0       5342
Omega_bcbar0          7.19099   0.00      2    0.5      0      0      0      0      0      1      0      1      -5342
#bc_0                  6.67143   0.00      1      0      0      0      0      0      0      0      1      0       5401
#bc_0bar               6.67143   0.00      1      0      0      0      0      0      0      0      0      1      -5401
#bc_1                  6.67397   0.00      3      1      0      0      0      0      0      0      1      0       5403
#bc_1bar               6.67397   0.00      3      1      0      0      0      0      0      0      0      1      -5403
#Xi'_bc0               7.03724   0.00      2    0.5    0.5   -0.5      1      0      0      0      1      0       5412
#Xi'_bcbar0            7.03724   0.00      2    0.5    0.5    0.5      0      0      1      0      0      1      -5412
#Xi*_bc0                7.0485   0.00      4    1.5    0.5   -0.5      1      0      0      0      1      0       5414
#Xi*_bcbar0             7.0485   0.00      4    1.5    0.5    0.5      0      0      1      0      0      1      -5414
#Xi'_bc+               7.03724   0.00      2    0.5    0.5    0.5      1      0      0      0      1      0       5422
#Xi'_bcbar-            7.03724   0.00      2    0.5    0.5   -0.5      0      0      1      0      0      1      -5422
#Xi*_bc+                7.0485   0.00      4    1.5    0.5    0.5      1      0      0      0      1      0       5424
#Xi*_bcbar-             7.0485   0.00      4    1.5    0.5   -0.5      0      0      1      0      0      1      -5424
#Omega'_bc0            7.21101   0.00      2    0.5      0      0      0      1      0      0      1      0       5432
#Omega'_bcbar0         7.21101   0.00      2    0.5      0      0      0      0      0      1      0      1      -5432
#Omega*_bc0              7.219   0.00      4    1.5      0      0      0      1      0      0      1      0       5434
#Omega*_bcbar0           7.219   0.00      4    1.5      0      0      0      0      0      1      0      1      -5434
#Omega_bcc+            8.30945   0.00      2    0.5      0      0      0      0      0      0      1      0       5442
#Omega_bccbar-         8.30945   0.00      2    0.5      0      0      0      0      0      0      0      1      -5442
#Omega*_bcc+           8.31325   0.00      4    1.5      0      0      0      0      0      0      1      0       5444
#Omega*_bccbar-        8.31325   0.00      4    1.5      0      0      0      0      0      0      0      1      -5444
bb_1                 10.07354   0.00      3      1      0      0      0      0      0      0      2      0       5503
bb_1bar              10.07354   0.00      3      1      0      0      0      0      0      0      0      2      -5503
Xi_bb-               10.42272   0.00      2    0.5    0.5   -0.5      1      0      0      0      2      0       5512
Xi_bbbar+            10.42272   0.00      2    0.5    0.5    0.5      0      0      1      0      0      2      -5512
Xi*_bb-              10.44144   0.00      4    1.5    0.5   -0.5      1      0      0      0      2      0       5514
Xi*_bbbar+           10.44144   0.00      4    1.5    0.5    0.5      0      0      1      0      0      2      -5514
Xi_bb0               10.42272   0.00      2    0.5    0.5    0.5      1      0      0      0      2      0       5522
Xi_bbbar0            10.42272   0.00      2    0.5    0.5   -0.5      0      0      1      0      0      2      -5522
Xi*_bb0              10.44144   0.00      4    1.5    0.5    0.5      1      0      0      0      2      0       5524
Xi*_bbbar0           10.44144   0.00      4    1.5    0.5   -0.5      0      0      1      0      0      2      -5524
Omega_bb-            10.60209   0.00      2    0.5      0      0      0      1      0      0      2      0       5532
Omega_bbbar+         10.60209   0.00      2    0.5      0      0      0      0      0      1      0      2      -5532
Omega*_bb-           10.61426   0.00      4    1.5      0      0      0      1      0      0      2      0       5534
Omega*_bbbar+        10.61426   0.00      4    1.5      0      0      0      0      0      1      0      2      -5534
#Omega_bbc0           11.70767   0.00      2    0.5      0      0      0      0      0      0      2      0       5542
#Omega_bbcbar0        11.70767   0.00      2    0.5      0      0      0      0      0      0      0      2      -5542
#Omega*_bbc0          11.71147   0.00      4    1.5      0      0      0      0      0      0      2      0       5544
#Omega*_bbcbar0       11.71147   0.00      4    1.5      0      0      0      0      0      0      0      2      -5544
Omega*_bbb-          15.11061   0.00      4    1.5      0      0      0      0      0      0      3      0       5554
Omega*_bbbbar+       15.11061   0.00      4    1.5      0      0      0      0      0      0      0      3      -5554
B*_00                    5.68   0.00      1      0    0.5   -0.5      1      0      0      0      1      0      10511
B*_0bar0                 5.68   0.00      1      0    0.5    0.5      0      0      1      0      0      1     -10511
B_10                     5.73   0.00      3      1    0.5   -0.5      1      0      0      0      1      0      10513
B_1bar0                  5.73   0.00      3      1    0.5    0.5      0      0      1      0      0      1     -10513
B*_0+                    5.68   0.00      1      0    0.5    0.5      1      0      0      0      1      0      10521
B*_0-                    5.68   0.00      1      0    0.5   -0.5      0      0      1      0      0      1     -10521
B_1+                     5.73   0.00      3      1    0.5    0.5      1      0      0      0      1      0      10523
B_1-                     5.73   0.00      3      1    0.5   -0.5      0      0      1      0      0      1     -10523
B*_0s0                   5.92   0.00      1      0      0      0      0      1      0      0      1      0      10531
B*_0sbar0                5.92   0.00      1      0      0      0      0      0      0      1      0      1     -10531
B_1s0                    5.97   0.00      3      1      0      0      0      1      0      0      1      0      10533
B_1sbar0                 5.97   0.00      3      1      0      0      0      0      0      1      0      1     -10533
#B*_0c+                   7.25   0.00      1      0      0      0      0      0      0      0      1      0      10541
#B*_0c-                   7.25   0.00      1      0      0      0      0      0      0      0      0      1     -10541
#B_1c+                     7.3   0.00      3      1      0      0      0      0      0      0      1      0      10543
#B_1c-                     7.3   0.00      3      1      0      0      0      0      0      0      0      1     -10543
chi_0b                 9.8594   0.00      1      0      0      0      0      0      0      0      2      0      10551
h_1b                   9.8986   0.00      3      1      0      0      0      0      0      0      2      0      10553
B*_10                    5.78   0.00      3      1    0.5   -0.5      1      0      0      0      1      0      20513
B*_1bar0                 5.78   0.00      3      1    0.5    0.5      0      0      1      0      0      1     -20513
B*_1+                    5.78   0.00      3      1    0.5    0.5      1      0      0      0      1      0      20523
B*_1-                    5.78   0.00      3      1    0.5   -0.5      0      0      1      0      0      1     -20523
B*_1s0                   6.02   0.00      3      1      0      0      0      1      0      0      1      0      20533
B*_1sbar0                6.02   0.00      3      1      0      0      0      0      0      1      0      1     -20533
#B*_1c+                    7.3   0.00      3      1      0      0      0      0      0      0      1      0      20543
#B*_1c-                    7.3   0.00      3      1      0      0      0      0      0      0      0      1     -20543
chi_1b                 9.8928   0.00      3      1      0      0      0      0      0      0      2      0      20553
Upsilon(2S)          10.02326   0.00      3      1      0      0      0      0      0      0      2      0     100553
#bbbar[1S0(8)]             9.5   0.00      1      0      0      0      0      0      0      0      2      0    9900551
#bbbar[3S1(8)]             9.5   0.00      3      1      0      0      0      0      0      0      2      0    9900553
#bbbar[3P0(8)]             9.5   0.00      1      0      0      0      0      0      0      0      2      0    9910551
