#name                     Mass  Gamma    deg   Spin Isospin     I3     Nq     Ns    Naq    Nas     Nc    Nac         MC 
void                      0.0   0.00      0   -0.5      0      0      0      0      0      0      0      0          0
d                        0.33   0.00      1      0    0.5   -0.5      1      0      0      0      0      0          1
dbar                     0.33   0.00      1      0    0.5    0.5      0      0      1      0      0      0         -1
u                        0.33   0.00      2    0.5    0.5    0.5      1      0      0      0      0      0          2
ubar                     0.33   0.00      2    0.5    0.5   -0.5      0      0      1      0      0      0         -2
s                         0.5   0.00      3      1      0      0      0      1      0      0      0      0          3
sbar                      0.5   0.00      3      1      0      0      0      0      0      1      0      0         -3
c                         1.5   0.00      4    1.5      0      0      0      0      0      0      1      0          4
cbar                      1.5   0.00      4    1.5      0      0      0      0      0      0      0      1         -4
b                         4.8   0.00      5      2      0      0      0      0      0      0      1      0          5
bbar                      4.8   0.00      5      2      0      0      0      0      0      0      0      1         -5
t                       171.0   0.00      6    2.5      0      0      0      0      0      0      0      0          6
tbar                    171.0   0.00      6    2.5      0      0      0      0      0      0      0      0         -6
b'                      400.0   0.00      7      3      0      0      0      0      0      0      0      0          7
b'bar                   400.0   0.00      7      3      0      0      0      0      0      0      0      0         -7
t'                      400.0   0.00      8    3.5      0      0      0      0      0      0      0      0          8
t'bar                   400.0   0.00      8    3.5      0      0      0      0      0      0      0      0         -8
e-                   0.000511   0.00      1      0      0      0      0      0      0      0      0      0         11
e+                   0.000511   0.00      1      0      0      0      0      0      0      0      0      0        -11
nu_e                      0.0   0.00      2    0.5      0      0      0      0      0      0      0      0         12
nu_ebar                   0.0   0.00      2    0.5      0      0      0      0      0      0      0      0        -12
mu-                   0.10566   0.00      3      1      0      0      0      0      0      0      0      0         13
mu+                   0.10566   0.00      3      1      0      0      0      0      0      0      0      0        -13
nu_mu                     0.0   0.00      4    1.5      0      0      0      0      0      0      0      0         14
nu_mubar                  0.0   0.00      4    1.5      0      0      0      0      0      0      0      0        -14
tau-                  1.77682   0.00      5      2      0      0      0      0      0      0      0      0         15
tau+                  1.77682   0.00      5      2      0      0      0      0      0      0      0      0        -15
nu_tau                    0.0   0.00      6    2.5      0      0      0      0      0      0      0      0         16
nu_taubar                 0.0   0.00      6    2.5      0      0      0      0      0      0      0      0        -16
tau'-                   400.0   0.00      7      3      0      0      0      0      0      0      0      0         17
tau'+                   400.0   0.00      7      3      0      0      0      0      0      0      0      0        -17
nu'_tau                 400.0   0.00      8    3.5      0      0      0      0      0      0      0      0         18
nu'_taubar              400.0   0.00      8    3.5      0      0      0      0      0      0      0      0        -18
g                         0.0   0.00      1      0      0      0      0      0      0      0      0      0         21
gamma                     0.0   0.00      2    0.5      0      0      0      0      0      0      0      0         22
Z0                    91.1876   0.00      3      1      0      0      0      0      0      0      0      0         23
W+                     80.385   0.00      4    1.5      0      0      0      0      0      0      0      0         24
W-                     80.385   0.00      4    1.5      0      0      0      0      0      0      0      0        -24
h0(H_1)                 125.0   0.00      5      2      0      0      0      0      0      0      0      0         25
Z'0                     500.0   0.00      2    0.5      0      0      0      0      0      0      0      0         32
Z''0                    900.0   0.00      3      1      0      0      0      0      0      0      0      0         33
W'+                     500.0   0.00      4    1.5      0      0      0      0      0      0      0      0         34
W'-                     500.0   0.00      4    1.5      0      0      0      0      0      0      0      0        -34
H0(H_2)                 300.0   0.00      5      2      0      0      0      0      0      0      0      0         35
A0(H_3)                 300.0   0.00      6    2.5      0      0      0      0      0      0      0      0         36
H+                      300.0   0.00      7      3      0      0      0      0      0      0      0      0         37
H-                      300.0   0.00      7      3      0      0      0      0      0      0      0      0        -37
Graviton                  0.0   0.00      9      4      0      0      0      0      0      0      0      0         39
BlackHole                 0.0   0.00      0   -0.5      0      0      0      0      0      0      0      0         40
R0                     5000.0   0.00      1      0      0      0      0      0      0      0      0      0         41
Rbar0                  5000.0   0.00      1      0      0      0      0      0      0      0      0      0        -41
LQ_ue                   200.0   0.00      2    0.5      0      0      0      0      0      0      0      0         42
LQ_uebar                200.0   0.00      2    0.5      0      0      0      0      0      0      0      0        -42
specflav                  0.0   0.00      1      0      0      0      0      0      0      0      0      0         81
rndmflavq                 0.0   0.00      2    0.5      0      0      0      0      0      0      0      0         82
rndmflavqbar              0.0   0.00      2    0.5      0      0      0      0      0      0      0      0        -82
rndmflavg                 0.0   0.00      3      1      0      0      0      0      0      0      0      0         83
rndmflavgbar              0.0   0.00      3      1      0      0      0      0      0      0      0      0        -83
system                    0.0   0.00      0   -0.5      0      0      0      0      0      0      0      0         90
Reggeon                   0.0   0.00      0   -0.5      0      0      1      0      1      0      0      0        110
pi0                   0.13498   0.00      1      0      0      0      1      0      1      0      0      0        111
rho0                  0.77549   0.00      3      1      0      0      1      0      1      0      0      0        113
a_20                   1.3183   0.00      5      2      0      0      1      0      1      0      0      0        115
K_L0                  0.49761   0.00      0   -0.5    0.5   -0.5      1      0      0      1      0      0        130
pi+                   0.13957   0.00      1      0      1      1      1      0      1      0      0      0        211
pi-                   0.13957   0.00      1      0      1     -1      1      0      1      0      0      0       -211
rho+                  0.77549   0.00      3      1      1      1      1      0      1      0      0      0        213
rho-                  0.77549   0.00      3      1      1     -1      1      0      1      0      0      0       -213
a_2+                   1.3183   0.00      5      2      1      1      1      0      1      0      0      0        215
a_2-                   1.3183   0.00      5      2      1     -1      1      0      1      0      0      0       -215
eta                   0.54785   0.00      1      0      0      0      1      0      1      0      0      0        221
omega                 0.78265   0.00      3      1      0      0      1      0      1      0      0      0        223
f_2                    1.2751   0.00      5      2      0      0      1      0      1      0      0      0        225
K_S0                  0.49761   0.00      0   -0.5    0.5    0.5      0      1      1      0      0      0        310
K0                    0.49761   0.00      1      0    0.5    0.5      0      1      1      0      0      0        311
Kbar0                 0.49761   0.00      1      0    0.5   -0.5      1      0      0      1      0      0       -311
K*0                   0.89594   0.00      3      1    0.5    0.5      0      1      1      0      0      0        313
K*bar0                0.89594   0.00      3      1    0.5   -0.5      1      0      0      1      0      0       -313
K*_2(1430)0            1.4324   0.00      5      2    0.5    0.5      0      1      1      0      0      0        315
K*_2(1430)bar0         1.4324   0.00      5      2    0.5   -0.5      1      0      0      1      0      0       -315
K+                    0.49368   0.00      1      0    0.5   -0.5      0      1      1      0      0      0        321
K-                    0.49368   0.00      1      0    0.5    0.5      1      0      0      1      0      0       -321
K*+                   0.89166   0.00      3      1    0.5   -0.5      0      1      1      0      0      0        323
K*-                   0.89166   0.00      3      1    0.5    0.5      1      0      0      1      0      0       -323
K*_2(1430)+            1.4256   0.00      5      2    0.5   -0.5      0      1      1      0      0      0        325
K*_2(1430)-            1.4256   0.00      5      2    0.5    0.5      1      0      0      1      0      0       -325
eta'                  0.95778   0.00      1      0      0      0      0      1      0      1      0      0        331
phi                   1.01946   0.00      3      1      0      0      0      1      0      1      0      0        333
f'_2(1525)              1.525   0.00      5      2      0      0      0      1      0      1      0      0        335
D+                    1.86962   0.00      1      0    0.5    0.5      0      0      1      0      1      0        411
D-                    1.86962   0.00      1      0    0.5   -0.5      1      0      0      0      0      1       -411
D*+                   2.01028   0.00      3      1    0.5    0.5      0      0      1      0      1      0        413
D*-                   2.01028   0.00      3      1    0.5   -0.5      1      0      0      0      0      1       -413
D*_2(2460)+            2.4644   0.00      5      2    0.5    0.5      0      0      1      0      1      0        415
D*_2(2460)-            2.4644   0.00      5      2    0.5   -0.5      1      0      0      0      0      1       -415
D0                    1.86486   0.00      1      0    0.5   -0.5      0      0      1      0      1      0        421
Dbar0                 1.86486   0.00      1      0    0.5    0.5      1      0      0      0      0      1       -421
D*0                   2.00698   0.00      3      1    0.5   -0.5      0      0      1      0      1      0        423
D*bar0                2.00698   0.00      3      1    0.5    0.5      1      0      0      0      0      1       -423
D*_2(2460)0            2.4626   0.00      5      2    0.5   -0.5      0      0      1      0      1      0        425
D*_2(2460)bar0         2.4626   0.00      5      2    0.5    0.5      1      0      0      0      0      1       -425
D_s+                  1.96849   0.00      1      0      0      0      0      0      0      1      1      0        431
D_s-                  1.96849   0.00      1      0      0      0      0      1      0      0      0      1       -431
D*_s+                  2.1123   0.00      3      1      0      0      0      0      0      1      1      0        433
D*_s-                  2.1123   0.00      3      1      0      0      0      1      0      0      0      1       -433
D*_2s(2573)+           2.5719   0.00      5      2      0      0      0      0      0      1      1      0        435
D*_2s(2573)-           2.5719   0.00      5      2      0      0      0      1      0      0      0      1       -435
eta_c                   2.981   0.00      1      0      0      0      0      0      0      0      1      1        441
Jpsi                 3.09692   0.00      3      1      0      0      0      0      0      0      1      1        443
chi_2c                 3.5562   0.00      5      2      0      0      0      0      0      0      1      1        445
B0                    5.27958   0.00      1      0    0.5    0.5      0      0      1      0      1      0        511
Bbar0                 5.27958   0.00      1      0    0.5   -0.5      1      0      0      0      0      1       -511
B*0                    5.3252   0.00      3      1    0.5    0.5      0      0      1      0      1      0        513
B*bar0                 5.3252   0.00      3      1    0.5   -0.5      1      0      0      0      0      1       -513
B*_20                   5.743   0.00      5      2    0.5    0.5      0      0      1      0      1      0        515
B*_2bar0                5.743   0.00      5      2    0.5   -0.5      1      0      0      0      0      1       -515
B+                    5.27925   0.00      1      0    0.5   -0.5      0      0      1      0      1      0        521
B-                    5.27925   0.00      1      0    0.5    0.5      1      0      0      0      0      1       -521
B*+                    5.3252   0.00      3      1    0.5   -0.5      0      0      1      0      1      0        523
B*-                    5.3252   0.00      3      1    0.5    0.5      1      0      0      0      0      1       -523
B*_2+                   5.743   0.00      5      2    0.5   -0.5      0      0      1      0      1      0        525
B*_2-                   5.743   0.00      5      2    0.5    0.5      1      0      0      0      0      1       -525
B_s0                  5.36677   0.00      1      0      0      0      0      0      0      1      1      0        531
B_sbar0               5.36677   0.00      1      0      0      0      0      1      0      0      0      1       -531
B*_s0                  5.4154   0.00      3      1      0      0      0      0      0      1      1      0        533
B*_sbar0               5.4154   0.00      3      1      0      0      0      1      0      0      0      1       -533
B*_2s0                 5.8397   0.00      5      2      0      0      0      0      0      1      1      0        535
B*_2sbar0              5.8397   0.00      5      2      0      0      0      1      0      0      0      1       -535
B_c+                    6.277   0.00      1      0      0      0      0      0      0      0      1      1        541
B_c-                    6.277   0.00      1      0      0      0      0      0      0      0      1      1       -541
B*_c+                    6.34   0.00      3      1      0      0      0      0      0      0      1      1        543
B*_c-                    6.34   0.00      3      1      0      0      0      0      0      0      1      1       -543
B*_2c+                   7.35   0.00      5      2      0      0      0      0      0      0      1      1        545
B*_2c-                   7.35   0.00      5      2      0      0      0      0      0      0      1      1       -545
eta_b                     9.4   0.00      1      0      0      0      0      0      0      0      1      1        551
Upsilon                9.4603   0.00      3      1      0      0      0      0      0      0      1      1        553
chi_2b                 9.9122   0.00      5      2      0      0      0      0      0      0      1      1        555
Pomeron                   0.0   0.00      0   -0.5      0      0      0      0      0      0      0      0        990
dd_1                  0.77133   0.00      3      1      1     -1      2      0      0      0      0      0       1103
dd_1bar               0.77133   0.00      3      1      1      1      0      0      2      0      0      0      -1103
Delta-                  1.232   0.00      4    1.5    1.5   -1.5      3      0      0      0      0      0       1114
Deltabar+               1.232   0.00      4    1.5    1.5    1.5      0      0      3      0      0      0      -1114
ud_0                  0.57933   0.00      1      0      0      0      2      0      0      0      0      0       2101
ud_0bar               0.57933   0.00      1      0      0      0      0      0      2      0      0      0      -2101
ud_1                  0.77133   0.00      3      1      0      0      2      0      0      0      0      0       2103
ud_1bar               0.77133   0.00      3      1      0      0      0      0      2      0      0      0      -2103
n0                    0.93957   0.00      2    0.5    0.5   -0.5      3      0      0      0      0      0       2112
nbar0                 0.93957   0.00      2    0.5    0.5    0.5      0      0      3      0      0      0      -2112
Delta0                  1.232   0.00      4    1.5    0.5   -0.5      3      0      0      0      0      0       2114
Deltabar0               1.232   0.00      4    1.5    0.5    0.5      0      0      3      0      0      0      -2114
uu_1                  0.77133   0.00      3      1      1      1      2      0      0      0      0      0       2203
uu_1bar               0.77133   0.00      3      1      1     -1      0      0      2      0      0      0      -2203
p+                    0.93827   0.00      2    0.5    0.5    0.5      3      0      0      0      0      0       2212
pbar-                 0.93827   0.00      2    0.5    0.5   -0.5      0      0      3      0      0      0      -2212
Delta+                  1.232   0.00      4    1.5    0.5    0.5      3      0      0      0      0      0       2214
Deltabar-               1.232   0.00      4    1.5    0.5   -0.5      0      0      3      0      0      0      -2214
Delta++                 1.232   0.00      4    1.5    1.5    1.5      3      0      0      0      0      0       2224
Deltabar--              1.232   0.00      4    1.5    1.5   -1.5      0      0      3      0      0      0      -2224
sd_0                  0.80473   0.00      1      0    0.5   -0.5      1      1      0      0      0      0       3101
sd_0bar               0.80473   0.00      1      0    0.5    0.5      0      0      1      1      0      0      -3101
sd_1                  0.92953   0.00      3      1    0.5   -0.5      1      1      0      0      0      0       3103
sd_1bar               0.92953   0.00      3      1    0.5    0.5      0      0      1      1      0      0      -3103
Sigma-                1.19745   0.00      2    0.5      1     -1      2      1      0      0      0      0       3112
Sigmabar+             1.19745   0.00      2    0.5      1      1      0      0      2      1      0      0      -3112
Sigma*-                1.3872   0.00      4    1.5      1     -1      2      1      0      0      0      0       3114
Sigma*bar+             1.3872   0.00      4    1.5      1      1      0      0      2      1      0      0      -3114
Lambda0               1.11568   0.00      2    0.5      0      0      2      1      0      0      0      0       3122
Lambdabar0            1.11568   0.00      2    0.5      0      0      0      0      2      1      0      0      -3122
Lambda(1520)0          1.5195   0.00      4    1.5      0      0      2      1      0      0      0      0       3124
Lambda(1520)bar0       1.5195   0.00      4    1.5      0      0      0      0      2      1      0      0      -3124
su_0                  0.80473   0.00      1      0    0.5    0.5      1      1      0      0      0      0       3201
su_0bar               0.80473   0.00      1      0    0.5   -0.5      0      0      1      1      0      0      -3201
su_1                  0.92953   0.00      3      1    0.5    0.5      1      1      0      0      0      0       3203
su_1bar               0.92953   0.00      3      1    0.5   -0.5      0      0      1      1      0      0      -3203
Sigma0                1.19264   0.00      2    0.5      0      0      2      1      0      0      0      0       3212
Sigmabar0             1.19264   0.00      2    0.5      0      0      0      0      2      1      0      0      -3212
Sigma*0                1.3837   0.00      4    1.5      0      0      2      1      0      0      0      0       3214
Sigma*bar0             1.3837   0.00      4    1.5      0      0      0      0      2      1      0      0      -3214
Sigma+                1.18937   0.00      2    0.5      1      1      2      1      0      0      0      0       3222
Sigmabar-             1.18937   0.00      2    0.5      1     -1      0      0      2      1      0      0      -3222
Sigma*+                1.3828   0.00      4    1.5      1      1      2      1      0      0      0      0       3224
Sigma*bar-             1.3828   0.00      4    1.5      1     -1      0      0      2      1      0      0      -3224
ss_1                  1.09361   0.00      3      1      0      0      0      2      0      0      0      0       3303
ss_1bar               1.09361   0.00      3      1      0      0      0      0      0      2      0      0      -3303
Xi-                   1.32171   0.00      2    0.5    0.5   -0.5      1      2      0      0      0      0       3312
Xibar+                1.32171   0.00      2    0.5    0.5    0.5      0      0      1      2      0      0      -3312
Xi*-                    1.535   0.00      4    1.5    0.5   -0.5      1      2      0      0      0      0       3314
Xi*bar+                 1.535   0.00      4    1.5    0.5    0.5      0      0      1      2      0      0      -3314
Xi0                   1.31486   0.00      2    0.5    0.5    0.5      1      2      0      0      0      0       3322
Xibar0                1.31486   0.00      2    0.5    0.5   -0.5      0      0      1      2      0      0      -3322
Xi*0                   1.5318   0.00      4    1.5    0.5    0.5      1      2      0      0      0      0       3324
Xi*bar0                1.5318   0.00      4    1.5    0.5   -0.5      0      0      1      2      0      0      -3324
Omega-                1.67245   0.00      4    1.5      0      0      0      3      0      0      0      0       3334
Omegabar+             1.67245   0.00      4    1.5      0      0      0      0      0      3      0      0      -3334
cd_0                  1.96908   0.00      1      0    0.5   -0.5      1      0      0      0      1      0       4101
cd_0bar               1.96908   0.00      1      0    0.5    0.5      0      0      1      0      0      1      -4101
cd_1                  2.00808   0.00      3      1    0.5   -0.5      1      0      0      0      1      0       4103
cd_1bar               2.00808   0.00      3      1    0.5    0.5      0      0      1      0      0      1      -4103
Sigma_c0              2.45374   0.00      2    0.5      1     -1      2      0      0      0      1      0       4112
Sigma_cbar0           2.45374   0.00      2    0.5      1      1      0      0      2      0      0      1      -4112
Sigma*_c0              2.5188   0.00      4    1.5      1     -1      2      0      0      0      1      0       4114
Sigma*_cbar0           2.5188   0.00      4    1.5      1      1      0      0      2      0      0      1      -4114
Lambda_c+             2.28646   0.00      2    0.5      0      0      2      0      0      0      1      0       4122
Lambda_cbar-          2.28646   0.00      2    0.5      0      0      0      0      2      0      0      1      -4122
Lambda_c(2625)+        2.6281   0.00      4    1.5      0      0      2      0      0      0      1      0       4124
Lambda_c(2625)-        2.6281   0.00      4    1.5      0      0      0      0      2      0      0      1      -4124
Xi_c0                 2.47088   0.00      2    0.5    0.5   -0.5      1      1      0      0      1      0       4132
Xi_cbar0              2.47088   0.00      2    0.5    0.5    0.5      0      0      1      1      0      1      -4132
cu_0                  1.96908   0.00      1      0    0.5    0.5      1      0      0      0      1      0       4201
cu_0bar               1.96908   0.00      1      0    0.5   -0.5      0      0      1      0      0      1      -4201
cu_1                  2.00808   0.00      3      1    0.5    0.5      1      0      0      0      1      0       4203
cu_1bar               2.00808   0.00      3      1    0.5   -0.5      0      0      1      0      0      1      -4203
Sigma_c+               2.4529   0.00      2    0.5      0      0      2      0      0      0      1      0       4212
Sigma_cbar-            2.4529   0.00      2    0.5      0      0      0      0      2      0      0      1      -4212
Sigma*_c+              2.5175   0.00      4    1.5      0      0      2      0      0      0      1      0       4214
Sigma*_cbar-           2.5175   0.00      4    1.5      0      0      0      0      2      0      0      1      -4214
Sigma_c++             2.45398   0.00      2    0.5      1      1      2      0      0      0      1      0       4222
Sigma_cbar--          2.45398   0.00      2    0.5      1     -1      0      0      2      0      0      1      -4222
Sigma*_c++             2.5179   0.00      4    1.5      1      1      2      0      0      0      1      0       4224
Sigma*_cbar--          2.5179   0.00      4    1.5      1     -1      0      0      2      0      0      1      -4224
Xi_c+                  2.4678   0.00      2    0.5    0.5    0.5      1      1      0      0      1      0       4232
Xi_cbar-               2.4678   0.00      2    0.5    0.5   -0.5      0      0      1      1      0      1      -4232
cs_0                  2.15432   0.00      1      0      0      0      0      1      0      0      1      0       4301
cs_0bar               2.15432   0.00      1      0      0      0      0      0      0      1      0      1      -4301
cs_1                  2.17967   0.00      3      1      0      0      0      1      0      0      1      0       4303
cs_1bar               2.17967   0.00      3      1      0      0      0      0      0      1      0      1      -4303
Xi'_c0                 2.5779   0.00      2    0.5    0.5   -0.5      1      1      0      0      1      0       4312
Xi'_cbar0              2.5779   0.00      2    0.5    0.5    0.5      0      0      1      1      0      1      -4312
Xi*_c0                 2.6459   0.00      4    1.5    0.5   -0.5      1      1      0      0      1      0       4314
Xi*_cbar0              2.6459   0.00      4    1.5    0.5    0.5      0      0      1      1      0      1      -4314
Xi'_c+                 2.5756   0.00      2    0.5    0.5    0.5      1      1      0      0      1      0       4322
Xi'_cbar-              2.5756   0.00      2    0.5    0.5   -0.5      0      0      1      1      0      1      -4322
Xi*_c+                 2.6459   0.00      4    1.5    0.5    0.5      1      1      0      0      1      0       4324
Xi*_cbar-              2.6459   0.00      4    1.5    0.5   -0.5      0      0      1      1      0      1      -4324
Omega_c0               2.6952   0.00      2    0.5      0      0      0      2      0      0      1      0       4332
Omega_cbar0            2.6952   0.00      2    0.5      0      0      0      0      0      2      0      1      -4332
Omega*_c0              2.7659   0.00      4    1.5      0      0      0      2      0      0      1      0       4334
Omega*_cbar0           2.7659   0.00      4    1.5      0      0      0      0      0      2      0      1      -4334
cc_1                  3.27531   0.00      3      1      0      0      0      0      0      0      2      0       4403
cc_1bar               3.27531   0.00      3      1      0      0      0      0      0      0      0      2      -4403
Xi_cc+                3.59798   0.00      2    0.5    0.5   -0.5      1      0      0      0      2      0       4412
Xi_ccbar-             3.59798   0.00      2    0.5    0.5    0.5      0      0      1      0      0      2      -4412
Xi*_cc+               3.65648   0.00      4    1.5    0.5   -0.5      1      0      0      0      2      0       4414
Xi*_ccbar-            3.65648   0.00      4    1.5    0.5    0.5      0      0      1      0      0      2      -4414
Xi_cc++               3.59798   0.00      2    0.5    0.5    0.5      1      0      0      0      2      0       4422
Xi_ccbar--            3.59798   0.00      2    0.5    0.5   -0.5      0      0      1      0      0      2      -4422
Xi*_cc++              3.65648   0.00      4    1.5    0.5    0.5      1      0      0      0      2      0       4424
Xi*_ccbar--           3.65648   0.00      4    1.5    0.5   -0.5      0      0      1      0      0      2      -4424
Omega_cc+             3.78663   0.00      2    0.5      0      0      0      1      0      0      2      0       4432
Omega_ccbar-          3.78663   0.00      2    0.5      0      0      0      0      0      1      0      2      -4432
Omega*_cc+            3.82466   0.00      4    1.5      0      0      0      1      0      0      2      0       4434
Omega*_ccbar-         3.82466   0.00      4    1.5      0      0      0      0      0      1      0      2      -4434
Omega*_ccc++          4.91594   0.00      4    1.5      0      0      0      0      0      0      3      0       4444
Omega*_cccbar--       4.91594   0.00      4    1.5      0      0      0      0      0      0      0      3      -4444
bd_0                  5.38897   0.00      1      0    0.5   -0.5      1      0      0      0      1      0       5101
bd_0bar               5.38897   0.00      1      0    0.5    0.5      0      0      1      0      0      1      -5101
bd_1                  5.40145   0.00      3      1    0.5   -0.5      1      0      0      0      1      0       5103
bd_1bar               5.40145   0.00      3      1    0.5    0.5      0      0      1      0      0      1      -5103
Sigma_b-               5.8155   0.00      2    0.5      1     -1      2      0      0      0      1      0       5112
Sigma_bbar+            5.8155   0.00      2    0.5      1      1      0      0      2      0      0      1      -5112
Sigma*_b-              5.8351   0.00      4    1.5      1     -1      2      0      0      0      1      0       5114
Sigma*_bbar+           5.8351   0.00      4    1.5      1      1      0      0      2      0      0      1      -5114
Lambda_b0              5.6194   0.00      2    0.5      0      0      2      0      0      0      1      0       5122
Lambda_bbar0           5.6194   0.00      2    0.5      0      0      0      0      2      0      0      1      -5122
Xi_b-                  5.7911   0.00      2    0.5    0.5   -0.5      1      1      0      0      1      0       5132
Xi_bbar+               5.7911   0.00      2    0.5    0.5    0.5      0      0      1      1      0      1      -5132
Xi_bc0                7.00575   0.00      2    0.5    0.5   -0.5      1      0      0      0      2      0       5142
Xi_bcbar0             7.00575   0.00      2    0.5    0.5    0.5      0      0      1      0      0      2      -5142
bu_0                  5.38897   0.00      1      0    0.5    0.5      1      0      0      0      1      0       5201
bu_0bar               5.38897   0.00      1      0    0.5   -0.5      0      0      1      0      0      1      -5201
bu_1                  5.40145   0.00      3      1    0.5    0.5      1      0      0      0      1      0       5203
bu_1bar               5.40145   0.00      3      1    0.5   -0.5      0      0      1      0      0      1      -5203
Sigma_b0                  5.8   0.00      2    0.5      0      0      2      0      0      0      1      0       5212
Sigma_bbar0               5.8   0.00      2    0.5      0      0      0      0      2      0      0      1      -5212
Sigma*_b0                5.81   0.00      4    1.5      0      0      2      0      0      0      1      0       5214
Sigma*_bbar0             5.81   0.00      4    1.5      0      0      0      0      2      0      0      1      -5214
Sigma_b+               5.8113   0.00      2    0.5      1      1      2      0      0      0      1      0       5222
Sigma_bbar-            5.8113   0.00      2    0.5      1     -1      0      0      2      0      0      1      -5222
Sigma*_b+              5.8321   0.00      4    1.5      1      1      2      0      0      0      1      0       5224
Sigma*_bbar-           5.8321   0.00      4    1.5      1     -1      0      0      2      0      0      1      -5224
Xi_b0                   5.788   0.00      2    0.5    0.5    0.5      1      1      0      0      1      0       5232
Xi_bbar0                5.788   0.00      2    0.5    0.5   -0.5      0      0      1      1      0      1      -5232
Xi_bc+                7.00575   0.00      2    0.5    0.5    0.5      1      0      0      0      2      0       5242
Xi_bcbar-             7.00575   0.00      2    0.5    0.5   -0.5      0      0      1      0      0      2      -5242
bs_0                  5.56725   0.00      1      0      0      0      0      1      0      0      1      0       5301
bs_0bar               5.56725   0.00      1      0      0      0      0      0      0      1      0      1      -5301
bs_1                  5.57536   0.00      3      1      0      0      0      1      0      0      1      0       5303
bs_1bar               5.57536   0.00      3      1      0      0      0      0      0      1      0      1      -5303
Xi'_b-                   5.96   0.00      2    0.5    0.5   -0.5      1      1      0      0      1      0       5312
Xi'_bbar+                5.96   0.00      2    0.5    0.5    0.5      0      0      1      1      0      1      -5312
Xi*_b-                   5.97   0.00      4    1.5    0.5   -0.5      1      1      0      0      1      0       5314
Xi*_bbar+                5.97   0.00      4    1.5    0.5    0.5      0      0      1      1      0      1      -5314
Xi'_b0                   5.96   0.00      2    0.5    0.5    0.5      1      1      0      0      1      0       5322
Xi'_bbar0                5.96   0.00      2    0.5    0.5   -0.5      0      0      1      1      0      1      -5322
Xi*_b0                   5.97   0.00      4    1.5    0.5    0.5      1      1      0      0      1      0       5324
Xi*_bbar0                5.97   0.00      4    1.5    0.5   -0.5      0      0      1      1      0      1      -5324
Omega_b-                 6.07   0.00      2    0.5      0      0      0      2      0      0      1      0       5332
Omega_bbar+              6.07   0.00      2    0.5      0      0      0      0      0      2      0      1      -5332
Omega*_b-                6.13   0.00      4    1.5      0      0      0      2      0      0      1      0       5334
Omega*_bbar+             6.13   0.00      4    1.5      0      0      0      0      0      2      0      1      -5334
Omega_bc0             7.19099   0.00      2    0.5      0      0      0      1      0      0      2      0       5342
Omega_bcbar0          7.19099   0.00      2    0.5      0      0      0      0      0      1      0      2      -5342
bc_0                  6.67143   0.00      1      0      0      0      0      0      0      0      2      0       5401
bc_0bar               6.67143   0.00      1      0      0      0      0      0      0      0      0      2      -5401
bc_1                  6.67397   0.00      3      1      0      0      0      0      0      0      2      0       5403
bc_1bar               6.67397   0.00      3      1      0      0      0      0      0      0      0      2      -5403
Xi'_bc0               7.03724   0.00      2    0.5    0.5   -0.5      1      0      0      0      2      0       5412
Xi'_bcbar0            7.03724   0.00      2    0.5    0.5    0.5      0      0      1      0      0      2      -5412
Xi*_bc0                7.0485   0.00      4    1.5    0.5   -0.5      1      0      0      0      2      0       5414
Xi*_bcbar0             7.0485   0.00      4    1.5    0.5    0.5      0      0      1      0      0      2      -5414
Xi'_bc+               7.03724   0.00      2    0.5    0.5    0.5      1      0      0      0      2      0       5422
Xi'_bcbar-            7.03724   0.00      2    0.5    0.5   -0.5      0      0      1      0      0      2      -5422
Xi*_bc+                7.0485   0.00      4    1.5    0.5    0.5      1      0      0      0      2      0       5424
Xi*_bcbar-             7.0485   0.00      4    1.5    0.5   -0.5      0      0      1      0      0      2      -5424
Omega'_bc0            7.21101   0.00      2    0.5      0      0      0      1      0      0      2      0       5432
Omega'_bcbar0         7.21101   0.00      2    0.5      0      0      0      0      0      1      0      2      -5432
Omega*_bc0              7.219   0.00      4    1.5      0      0      0      1      0      0      2      0       5434
Omega*_bcbar0           7.219   0.00      4    1.5      0      0      0      0      0      1      0      2      -5434
Omega_bcc+            8.30945   0.00      2    0.5      0      0      0      0      0      0      3      0       5442
Omega_bccbar-         8.30945   0.00      2    0.5      0      0      0      0      0      0      0      3      -5442
Omega*_bcc+           8.31325   0.00      4    1.5      0      0      0      0      0      0      3      0       5444
Omega*_bccbar-        8.31325   0.00      4    1.5      0      0      0      0      0      0      0      3      -5444
bb_1                 10.07354   0.00      3      1      0      0      0      0      0      0      2      0       5503
bb_1bar              10.07354   0.00      3      1      0      0      0      0      0      0      0      2      -5503
Xi_bb-               10.42272   0.00      2    0.5    0.5   -0.5      1      0      0      0      2      0       5512
Xi_bbbar+            10.42272   0.00      2    0.5    0.5    0.5      0      0      1      0      0      2      -5512
Xi*_bb-              10.44144   0.00      4    1.5    0.5   -0.5      1      0      0      0      2      0       5514
Xi*_bbbar+           10.44144   0.00      4    1.5    0.5    0.5      0      0      1      0      0      2      -5514
Xi_bb0               10.42272   0.00      2    0.5    0.5    0.5      1      0      0      0      2      0       5522
Xi_bbbar0            10.42272   0.00      2    0.5    0.5   -0.5      0      0      1      0      0      2      -5522
Xi*_bb0              10.44144   0.00      4    1.5    0.5    0.5      1      0      0      0      2      0       5524
Xi*_bbbar0           10.44144   0.00      4    1.5    0.5   -0.5      0      0      1      0      0      2      -5524
Omega_bb-            10.60209   0.00      2    0.5      0      0      0      1      0      0      2      0       5532
Omega_bbbar+         10.60209   0.00      2    0.5      0      0      0      0      0      1      0      2      -5532
Omega*_bb-           10.61426   0.00      4    1.5      0      0      0      1      0      0      2      0       5534
Omega*_bbbar+        10.61426   0.00      4    1.5      0      0      0      0      0      1      0      2      -5534
Omega_bbc0           11.70767   0.00      2    0.5      0      0      0      0      0      0      3      0       5542
Omega_bbcbar0        11.70767   0.00      2    0.5      0      0      0      0      0      0      0      3      -5542
Omega*_bbc0          11.71147   0.00      4    1.5      0      0      0      0      0      0      3      0       5544
Omega*_bbcbar0       11.71147   0.00      4    1.5      0      0      0      0      0      0      0      3      -5544
Omega*_bbb-          15.11061   0.00      4    1.5      0      0      0      0      0      0      3      0       5554
Omega*_bbbbar+       15.11061   0.00      4    1.5      0      0      0      0      0      0      0      3      -5554
a_0(1450)0              1.474   0.00      1      0      1     -1      2      0      0      0      0      0      10111
b_1(1235)0             1.2295   0.00      3      1      1     -1      2      0      0      0      0      0      10113
a_0(1450)+              1.474   0.00      1      0      0      0      2      0      0      0      0      0      10211
a_0(1450)-              1.474   0.00      1      0      0      0      0      0      2      0      0      0     -10211
b_1(1235)+             1.2295   0.00      3      1      0      0      2      0      0      0      0      0      10213
b_1(1235)-             1.2295   0.00      3      1      0      0      0      0      2      0      0      0     -10213
f_0(1370)                1.35   0.00      1      0      1      1      2      0      0      0      0      0      10221
h_1(1170)                1.17   0.00      3      1      1      1      2      0      0      0      0      0      10223
K*_0(1430)0              1.43   0.00      1      0    0.5   -0.5      1      1      0      0      0      0      10311
K*_0(1430)bar0           1.43   0.00      1      0    0.5    0.5      0      0      1      1      0      0     -10311
K_1(1270)0              1.272   0.00      3      1    0.5   -0.5      1      1      0      0      0      0      10313
K_1(1270)bar0           1.272   0.00      3      1    0.5    0.5      0      0      1      1      0      0     -10313
K*_0(1430)+              1.43   0.00      1      0    0.5    0.5      1      1      0      0      0      0      10321
K*_0(1430)-              1.43   0.00      1      0    0.5   -0.5      0      0      1      1      0      0     -10321
K_1(1270)+              1.272   0.00      3      1    0.5    0.5      1      1      0      0      0      0      10323
K_1(1270)-              1.272   0.00      3      1    0.5   -0.5      0      0      1      1      0      0     -10323
f_0(1710)                1.72   0.00      1      0      0      0      0      2      0      0      0      0      10331
h_1(1380)               1.386   0.00      3      1      0      0      0      2      0      0      0      0      10333
D*_0+                   2.318   0.00      1      0    0.5   -0.5      1      0      0      0      1      0      10411
D*_0-                   2.318   0.00      1      0    0.5    0.5      0      0      1      0      0      1     -10411
D_1+                    2.424   0.00      3      1    0.5   -0.5      1      0      0      0      1      0      10413
D_1-                    2.424   0.00      3      1    0.5    0.5      0      0      1      0      0      1     -10413
D*_00                   2.318   0.00      1      0    0.5    0.5      1      0      0      0      1      0      10421
D*_0bar0                2.318   0.00      1      0    0.5   -0.5      0      0      1      0      0      1     -10421
D_10                   2.4213   0.00      3      1    0.5    0.5      1      0      0      0      1      0      10423
D_1bar0                2.4213   0.00      3      1    0.5   -0.5      0      0      1      0      0      1     -10423
D*_0s+                 2.3178   0.00      1      0      0      0      0      1      0      0      1      0      10431
D*_0s-                 2.3178   0.00      1      0      0      0      0      0      0      1      0      1     -10431
D_1s+                 2.53512   0.00      3      1      0      0      0      1      0      0      1      0      10433
D_1s-                 2.53512   0.00      3      1      0      0      0      0      0      1      0      1     -10433
chi_0c                3.41475   0.00      1      0      0      0      0      0      0      0      2      0      10441
h_1c                  3.52541   0.00      3      1      0      0      0      0      0      0      2      0      10443
B*_00                    5.68   0.00      1      0    0.5   -0.5      1      0      0      0      1      0      10511
B*_0bar0                 5.68   0.00      1      0    0.5    0.5      0      0      1      0      0      1     -10511
B_10                     5.73   0.00      3      1    0.5   -0.5      1      0      0      0      1      0      10513
B_1bar0                  5.73   0.00      3      1    0.5    0.5      0      0      1      0      0      1     -10513
B*_0+                    5.68   0.00      1      0    0.5    0.5      1      0      0      0      1      0      10521
B*_0-                    5.68   0.00      1      0    0.5   -0.5      0      0      1      0      0      1     -10521
B_1+                     5.73   0.00      3      1    0.5    0.5      1      0      0      0      1      0      10523
B_1-                     5.73   0.00      3      1    0.5   -0.5      0      0      1      0      0      1     -10523
B*_0s0                   5.92   0.00      1      0      0      0      0      1      0      0      1      0      10531
B*_0sbar0                5.92   0.00      1      0      0      0      0      0      0      1      0      1     -10531
B_1s0                    5.97   0.00      3      1      0      0      0      1      0      0      1      0      10533
B_1sbar0                 5.97   0.00      3      1      0      0      0      0      0      1      0      1     -10533
B*_0c+                   7.25   0.00      1      0      0      0      0      0      0      0      2      0      10541
B*_0c-                   7.25   0.00      1      0      0      0      0      0      0      0      0      2     -10541
B_1c+                     7.3   0.00      3      1      0      0      0      0      0      0      2      0      10543
B_1c-                     7.3   0.00      3      1      0      0      0      0      0      0      0      2     -10543
chi_0b                 9.8594   0.00      1      0      0      0      0      0      0      0      2      0      10551
h_1b                   9.8986   0.00      3      1      0      0      0      0      0      0      2      0      10553
Lambda(1405)0          1.4051   0.00      2    0.5      0      0      2      1      0      0      0      0      13122
Lambda(1405)bar0       1.4051   0.00      2    0.5      0      0      0      0      2      1      0      0     -13122
Lambda_c(2593)+       2.59225   0.00      2    0.5      0      0      2      0      0      0      1      0      14122
Lambda_c(2593)-       2.59225   0.00      2    0.5      0      0      0      0      2      0      0      1     -14122
a_1(1260)0               1.23   0.00      3      1      1     -1      2      0      0      0      0      0      20113
a_1(1260)+               1.23   0.00      3      1      0      0      2      0      0      0      0      0      20213
a_1(1260)-               1.23   0.00      3      1      0      0      0      0      2      0      0      0     -20213
f_1(1285)              1.2821   0.00      3      1      1      1      2      0      0      0      0      0      20223
K_1(1400)0              1.403   0.00      3      1    0.5   -0.5      1      1      0      0      0      0      20313
K_1(1400)bar0           1.403   0.00      3      1    0.5    0.5      0      0      1      1      0      0     -20313
K_1(1400)+              1.403   0.00      3      1    0.5    0.5      1      1      0      0      0      0      20323
K_1(1400)-              1.403   0.00      3      1    0.5   -0.5      0      0      1      1      0      0     -20323
f_1(1420)              1.4264   0.00      3      1      0      0      0      2      0      0      0      0      20333
D*_1+                   2.427   0.00      3      1    0.5   -0.5      1      0      0      0      1      0      20413
D*_1-                   2.427   0.00      3      1    0.5    0.5      0      0      1      0      0      1     -20413
D*_10                   2.427   0.00      3      1    0.5    0.5      1      0      0      0      1      0      20423
D*_1bar0                2.427   0.00      3      1    0.5   -0.5      0      0      1      0      0      1     -20423
D*_1s+                 2.4596   0.00      3      1      0      0      0      1      0      0      1      0      20433
D*_1s-                 2.4596   0.00      3      1      0      0      0      0      0      1      0      1     -20433
chi_1c                3.51066   0.00      3      1      0      0      0      0      0      0      2      0      20443
B*_10                    5.78   0.00      3      1    0.5   -0.5      1      0      0      0      1      0      20513
B*_1bar0                 5.78   0.00      3      1    0.5    0.5      0      0      1      0      0      1     -20513
B*_1+                    5.78   0.00      3      1    0.5    0.5      1      0      0      0      1      0      20523
B*_1-                    5.78   0.00      3      1    0.5   -0.5      0      0      1      0      0      1     -20523
B*_1s0                   6.02   0.00      3      1      0      0      0      1      0      0      1      0      20533
B*_1sbar0                6.02   0.00      3      1      0      0      0      0      0      1      0      1     -20533
B*_1c+                    7.3   0.00      3      1      0      0      0      0      0      0      2      0      20543
B*_1c-                    7.3   0.00      3      1      0      0      0      0      0      0      0      2     -20543
chi_1b                 9.8928   0.00      3      1      0      0      0      0      0      0      2      0      20553
Lambda(1600)0             1.6   0.00      2    0.5      0      0      2      1      0      0      0      0      23122
Lambda(1600)bar0          1.6   0.00      2    0.5      0      0      0      0      2      1      0      0     -23122
K*(1680)0               1.717   0.00      3      1    0.5   -0.5      1      1      0      0      0      0      30313
K*(1680)bar0            1.717   0.00      3      1    0.5    0.5      0      0      1      1      0      0     -30313
K*(1680)+               1.717   0.00      3      1    0.5    0.5      1      1      0      0      0      0      30323
K*(1680)-               1.717   0.00      3      1    0.5   -0.5      0      0      1      1      0      0     -30323
psi(3770)             3.77315   0.00      3      1      0      0      0      0      0      0      2      0      30443
Lambda(1670)0            1.67   0.00      2    0.5      0      0      2      1      0      0      0      0      33122
Lambda(1670)bar0         1.67   0.00      2    0.5      0      0      0      0      2      1      0      0     -33122
rho(1450)0              1.465   0.00      3      1      1     -1      2      0      0      0      0      0     100113
rho(1450)+              1.465   0.00      3      1      0      0      2      0      0      0      0      0     100213
rho(1450)-              1.465   0.00      3      1      0      0      0      0      2      0      0      0    -100213
eta_c(2S)              3.6389   0.00      1      0      0      0      0      0      0      0      2      0     100441
psi(2S)               3.68611   0.00      3      1      0      0      0      0      0      0      2      0     100443
Upsilon(2S)          10.02326   0.00      3      1      0      0      0      0      0      0      2      0     100553
pi_tc0                  110.0   0.00      1      0      1     -1      2      0      0      0      0      0    3000111
rho_tc0                 210.0   0.00      3      1      1     -1      2      0      0      0      0      0    3000113
pi_tc+                  110.0   0.00      1      0      0      0      2      0      0      0      0      0    3000211
pi_tc-                  110.0   0.00      1      0      0      0      0      0      2      0      0      0   -3000211
rho_tc+                 210.0   0.00      3      1      0      0      2      0      0      0      0      0    3000213
rho_tc-                 210.0   0.00      3      1      0      0      0      0      2      0      0      0   -3000213
pi'_tc0                 110.0   0.00      1      0      1      1      2      0      0      0      0      0    3000221
omega_tc                210.0   0.00      3      1      1      1      2      0      0      0      0      0    3000223
eta_tc0                 350.0   0.00      1      0      0      0      0      2      0      0      0      0    3000331
V8_tc                   500.0   0.00      1      0    0.5    0.5      1      0      0      0      0      0    3100021
pi_22_1_tc              125.0   0.00      1      0      1     -1      2      0      0      0      0      0    3100111
rho_11_tc               400.0   0.00      3      1      1     -1      2      0      0      0      0      0    3100113
pi_22_8_tc              250.0   0.00      1      0      1     -1      2      0      0      0      0      0    3200111
rho_12_tc               350.0   0.00      3      1      1     -1      2      0      0      0      0      0    3200113
rho_21_tc               350.0   0.00      3      1      1     -1      2      0      0      0      0      0    3300113
rho_22_tc               300.0   0.00      3      1      1     -1      2      0      0      0      0      0    3400113
d*                      400.0   0.00      1      0      0      0      0      0      0      0      0      0    4000001
d*bar                   400.0   0.00      1      0      0      0      0      0      0      0      0      0   -4000001
u*                      400.0   0.00      2    0.5      0      0      0      0      0      0      0      0    4000002
u*bar                   400.0   0.00      2    0.5      0      0      0      0      0      0      0      0   -4000002
s*                      400.0   0.00      3      1      0      0      0      0      0      0      0      0    4000003
s*bar                   400.0   0.00      3      1      0      0      0      0      0      0      0      0   -4000003
c*                      400.0   0.00      4    1.5      0      0      0      0      0      0      0      0    4000004
c*bar                   400.0   0.00      4    1.5      0      0      0      0      0      0      0      0   -4000004
b*                      400.0   0.00      5      2      0      0      0      0      0      0      0      0    4000005
b*bar                   400.0   0.00      5      2      0      0      0      0      0      0      0      0   -4000005
t*                      400.0   0.00      6    2.5      0      0      0      0      0      0      0      0    4000006
t*bar                   400.0   0.00      6    2.5      0      0      0      0      0      0      0      0   -4000006
e*-                     400.0   0.00      1      0    0.5   -0.5      1      0      0      0      0      0    4000011
e*bar+                  400.0   0.00      1      0    0.5    0.5      0      0      1      0      0      0   -4000011
nu*_e0                  400.0   0.00      2    0.5    0.5   -0.5      1      0      0      0      0      0    4000012
nu*_ebar0               400.0   0.00      2    0.5    0.5    0.5      0      0      1      0      0      0   -4000012
mu*-                    400.0   0.00      3      1    0.5   -0.5      1      0      0      0      0      0    4000013
mu*bar+                 400.0   0.00      3      1    0.5    0.5      0      0      1      0      0      0   -4000013
nu*_mu0                 400.0   0.00      4    1.5    0.5   -0.5      1      0      0      0      0      0    4000014
nu*_mubar0              400.0   0.00      4    1.5    0.5    0.5      0      0      1      0      0      0   -4000014
tau*-                   400.0   0.00      5      2    0.5   -0.5      1      0      0      0      0      0    4000015
tau*bar+                400.0   0.00      5      2    0.5    0.5      0      0      1      0      0      0   -4000015
nu*_tau0                400.0   0.00      6    2.5    0.5   -0.5      1      0      0      0      0      0    4000016
nu*_taubar0             400.0   0.00      6    2.5    0.5    0.5      0      0      1      0      0      0   -4000016
Dv                      400.0   0.00      1      0      0      0      0      0      0      0      0      0    4900001
Dvbar                   400.0   0.00      1      0      0      0      0      0      0      0      0      0   -4900001
Uv                      400.0   0.00      2    0.5      0      0      0      0      0      0      0      0    4900002
Uvbar                   400.0   0.00      2    0.5      0      0      0      0      0      0      0      0   -4900002
Sv                      400.0   0.00      3      1      0      0      0      0      0      0      0      0    4900003
Svbar                   400.0   0.00      3      1      0      0      0      0      0      0      0      0   -4900003
Cv                      400.0   0.00      4    1.5      0      0      0      0      0      0      0      0    4900004
Cvbar                   400.0   0.00      4    1.5      0      0      0      0      0      0      0      0   -4900004
Bv                      400.0   0.00      5      2      0      0      0      0      0      0      0      0    4900005
Bvbar                   400.0   0.00      5      2      0      0      0      0      0      0      0      0   -4900005
Tv                      400.0   0.00      6    2.5      0      0      0      0      0      0      0      0    4900006
Tvbar                   400.0   0.00      6    2.5      0      0      0      0      0      0      0      0   -4900006
Ev                      400.0   0.00      1      0    0.5   -0.5      1      0      0      0      0      0    4900011
Evbar                   400.0   0.00      1      0    0.5    0.5      0      0      1      0      0      0   -4900011
nuEv                    400.0   0.00      2    0.5    0.5   -0.5      1      0      0      0      0      0    4900012
nuEvbar                 400.0   0.00      2    0.5    0.5    0.5      0      0      1      0      0      0   -4900012
MUv                     400.0   0.00      3      1    0.5   -0.5      1      0      0      0      0      0    4900013
MUvbar                  400.0   0.00      3      1    0.5    0.5      0      0      1      0      0      0   -4900013
nuMUv                   400.0   0.00      4    1.5    0.5   -0.5      1      0      0      0      0      0    4900014
nuMUvbar                400.0   0.00      4    1.5    0.5    0.5      0      0      1      0      0      0   -4900014
TAUv                    400.0   0.00      5      2    0.5   -0.5      1      0      0      0      0      0    4900015
TAUvbar                 400.0   0.00      5      2    0.5    0.5      0      0      1      0      0      0   -4900015
nuTAUv                  400.0   0.00      6    2.5    0.5   -0.5      1      0      0      0      0      0    4900016
nuTAUvbar               400.0   0.00      6    2.5    0.5    0.5      0      0      1      0      0      0   -4900016
gv                        0.0   0.00      1      0    0.5    0.5      1      0      0      0      0      0    4900021
gammav                    0.0   0.00      2    0.5    0.5    0.5      1      0      0      0      0      0    4900022
Zv                     1000.0   0.00      3      1    0.5    0.5      1      0      0      0      0      0    4900023
qv                      100.0   0.00      1      0    0.5   -0.5      1      0      0      0      0      0    4900101
qvbar                   100.0   0.00      1      0    0.5    0.5      0      0      1      0      0      0   -4900101
pivDiag                  10.0   0.00      1      0      1     -1      2      0      0      0      0      0    4900111
rhovDiag                 10.0   0.00      3      1      1     -1      2      0      0      0      0      0    4900113
pivUp                    10.0   0.00      1      0      0      0      2      0      0      0      0      0    4900211
pivDn                    10.0   0.00      1      0      0      0      0      0      2      0      0      0   -4900211
rhovUp                   10.0   0.00      3      1      0      0      2      0      0      0      0      0    4900213
rhovDn                   10.0   0.00      3      1      0      0      0      0      2      0      0      0   -4900213
ggv                       1.0   0.00      1      0      0      0      0      0      0      0      0      0    4900991
Z_KK                   4000.0   0.00      3      1    0.5    0.5      1      0      0      0      0      0    5000023
Graviton                  0.0   0.00      9      4      0      0      0      1      0      0      0      0    5000039
KKgluon*               1000.0   0.00      1      0    0.5    0.5      1      0      0      0      0      0    5100021
Graviton*              1000.0   0.00      9      4      0      0      0      1      0      0      0      0    5100039
a_0(980)0              0.9835   0.00      1      0      1     -1      2      0      0      0      0      0    9000111
a_0(980)+              0.9835   0.00      1      0      0      0      2      0      0      0      0      0    9000211
a_0(980)-              0.9835   0.00      1      0      0      0      0      0      2      0      0      0   -9000211
f_0(980)                  1.0   0.00      1      0      1      1      2      0      0      0      0      0    9010221
nu_Re                   500.0   0.00      2    0.5    0.5   -0.5      1      0      0      0      0      0    9900012
nu_Rmu                  500.0   0.00      4    1.5    0.5   -0.5      1      0      0      0      0      0    9900014
nu_Rtau                 500.0   0.00      6    2.5    0.5   -0.5      1      0      0      0      0      0    9900016
Z_R0                   1200.0   0.00      3      1    0.5    0.5      1      0      0      0      0      0    9900023
W_R+                    750.0   0.00      4    1.5    0.5    0.5      1      0      0      0      0      0    9900024
W_R-                    750.0   0.00      4    1.5    0.5   -0.5      0      0      1      0      0      0   -9900024
H_L++                   200.0   0.00      1      0      0      0      0      0      0      0      1      0    9900041
H_L--                   200.0   0.00      1      0      0      0      0      0      0      0      0      1   -9900041
H_R++                   200.0   0.00      2    0.5      0      0      0      0      0      0      1      0    9900042
H_R--                   200.0   0.00      2    0.5      0      0      0      0      0      0      0      1   -9900042
rho_diff0                 0.0   0.00      0   -0.5      1     -1      2      0      0      0      0      0    9900110
pi_diffr+                 0.0   0.00      0   -0.5      0      0      2      0      0      0      0      0    9900210
pi_diffr-                 0.0   0.00      0   -0.5      0      0      0      0      2      0      0      0   -9900210
omega_di                  0.0   0.00      0   -0.5      1      1      2      0      0      0      0      0    9900220
phi_diff                  0.0   0.00      0   -0.5      0      0      0      2      0      0      0      0    9900330
Jpsi_di                  0.0   0.00      0   -0.5      0      0      0      0      0      0      2      0    9900440
ccbar[1S0(8)]             3.1   0.00      1      0      0      0      0      0      0      0      2      0    9900441
ccbar[3S1(8)]             3.1   0.00      3      1      0      0      0      0      0      0      2      0    9900443
bbbar[1S0(8)]             9.5   0.00      1      0      0      0      0      0      0      0      2      0    9900551
bbbar[3S1(8)]             9.5   0.00      3      1      0      0      0      0      0      0      2      0    9900553
n_diffr0                  0.0   0.00      0   -0.5    0.5   -0.5      3      0      0      0      0      0    9902110
n_diffrbar0               0.0   0.00      0   -0.5    0.5    0.5      0      0      3      0      0      0   -9902110
p_diffr+                  0.0   0.00      0   -0.5    0.5    0.5      3      0      0      0      0      0    9902210
p_diffrbar-               0.0   0.00      0   -0.5    0.5   -0.5      0      0      3      0      0      0   -9902210
ccbar[3P0(8)]             3.1   0.00      1      0      0      0      0      0      0      0      2      0    9910441
bbbar[3P0(8)]             9.5   0.00      1      0      0      0      0      0      0      0      2      0    9910551
